NAME : E-n22-k4
TYPE : CVRP
DIMENSION : 22
CAPACITY : 6000
EDGE_WEIGHT_TYPE : EUC_2D
NODE_COORD_SECTION
1 36.1699 -115.1398
2 47.6062 -122.3321
3 25.7617 -80.1918
4 39.7392 -104.9903
5 42.3601 -71.0589
6 29.9511 -90.0715
7 33.4484 -112.0740
8 41.8781 -87.6298
9 45.5152 -122.6784
10 33.7490 -84.3880
11 44.9778 -93.2650
12 29.4241 -98.4936
13 42.8864 -78.8784
14 27.9506 -82.4572
15 39.0997 -94.5786
16 36.1627 -86.7816
17 35.0844 -106.6504
18 38.5816 -121.4944
19 35.2271 -80.8431
20 42.3314 -83.0458
21 31.7619 -106.4850
22 36.8529 -75.9780
DEMAND_SECTION
1 0
2 1100
3 700
4 800
5 1400
6 2100
7 400
8 800
9 100
10 500
11 600
12 1200
13 1300
14 1300
15 300
16 900
17 2100
18 1000
19 900
20 2500
21 1800
22 700
DEPOT_SECTION
1
-1
EOF