NAME : E-n22-k4
DIMENSION : 22
CAPACITY : 500
NODE_COORD_SECTION
1 36.1699 -115.1398
2 47.6062 -122.3321
3 25.7617 -80.1918
4 39.7392 -104.9903
5 42.3601 -71.0589
6 29.9511 -90.0715
7 33.4484 -112.074
8 41.8781 -87.6298
9 45.5152 -122.6784
10 33.749 -84.388
11 44.9778 -93.265
12 29.4241 -98.4936
13 42.8864 -78.8784
14 27.9506 -82.4572
15 39.0997 -94.5786
16 36.1627 -86.7816
17 35.0844 -106.6504
18 38.5816 -121.4944
19 35.2271 -80.8431
20 42.3314 -83.0458
21 31.7619 -106.485
22 36.8529 -75.978
DEMAND_SECTION
1 0
2 0
3 0
4 0
5 0
6 0
7 0
8 0
9 0
10 0
11 0
12 0
13 0
14 0
15 0
16 0
17 0
18 0
19 0
20 0
21 0
22 0
DEPOT_SECTION
1
-1
EOF