NAME : E-n33-k3
TYPE : CVRP
DIMENSION : 33
CAPACITY : 108
EDGE_WEIGHT_TYPE : EUC_2D
NODE_COORD_SECTION
1 36.1699 -115.1398
2 47.6062 -122.3321
3 25.7617 -80.1918
4 39.7392 -104.9903
5 42.3601 -71.0589
6 29.9511 -90.0715
7 33.4484 -112.0740
8 41.8781 -87.6298
9 45.5152 -122.6784
10 33.7490 -84.3880
11 44.9778 -93.2650
12 29.4241 -98.4936
13 42.8864 -78.8784
14 27.9506 -82.4572
15 39.0997 -94.5786
16 36.1627 -86.7816
17 35.0844 -106.6504
18 38.5816 -121.4944
19 35.2271 -80.8431
20 42.3314 -83.0458
21 31.7619 -106.4850
22 36.8529 -75.9780
23 41.2565 -95.9345
24 32.2226 -110.9747
25 41.4993 -81.6944
26 35.4676 -97.5164
27 30.3322 -81.6557
28 43.0389 -87.9065
29 35.7796 -78.6382
30 36.7378 -119.7871
31 38.6270 -90.1994
32 38.8339 -104.8214
33 38.2527 -85.7585
DEMAND_SECTION
1 272
2 168
3 140
4 243
5 280
6 487
7 37
8 384
9 396
10 127
11 230
12 484
13 203
14 442
15 229
16 365
17 44
18 160
19 8
20 25
21 139
22 35
23 198
24 355
25 304
26 60
27 211
28 201
29 91
30 311
31 494
32 264
33 256
DEPOT_SECTION
1
-1
EOF