NAME : E-n76-k4
DIMENSION : 76
CAPACITY : 10
NODE_COORD_SECTION
1 36.1699 -115.1398
2 47.6062 -122.3321
3 25.7617 -80.1918
4 39.7392 -104.9903
5 42.3601 -71.0589
6 29.9511 -90.0715
7 33.4484 -112.074
8 41.8781 -87.6298
9 45.5152 -122.6784
10 33.749 -84.388
11 44.9778 -93.265
12 29.4241 -98.4936
13 42.8864 -78.8784
14 27.9506 -82.4572
15 39.0997 -94.5786
16 36.1627 -86.7816
17 35.0844 -106.6504
18 38.5816 -121.4944
19 35.2271 -80.8431
20 42.3314 -83.0458
21 31.7619 -106.485
22 36.8529 -75.978
23 41.2565 -95.9345
24 32.2226 -110.9747
25 41.4993 -81.6944
26 35.4676 -97.5164
27 30.3322 -81.6557
28 43.0389 -87.9065
29 35.7796 -78.6382
30 36.7378 -119.7871
31 38.627 -90.1994
32 38.8339 -104.8214
33 38.2527 -85.7585
34 35.1495 -90.049
35 39.2904 -76.6122
36 37.6872 -97.3301
37 41.6528 -83.5379
38 41.0793 -85.1394
39 39.9612 -82.9988
40 39.7684 -86.1581
41 38.0406 -84.5037
42 39.1031 -84.512
43 40.4406 -79.9959
44 28.5383 -81.3792
45 36.154 -95.9928
46 40.8136 -96.7026
47 36.0726 -79.792
48 35.994 -78.8986
49 27.8006 -97.3964
50 47.6587 -117.426
51 43.615 -116.2023
52 40.7608 -111.891
53 45.7833 -108.5007
54 46.8772 -96.7898
55 43.5446 -96.7311
56 41.5868 -93.625
57 34.7465 -92.2896
58 32.2988 -90.1848
59 30.6954 -88.0399
60 33.5207 -86.8025
61 35.9606 -83.9207
62 32.7767 -79.9311
63 34.0007 -81.0348
64 32.0835 -81.0998
65 37.5407 -77.436
66 36.8468 -76.2852
67 39.7391 -75.5398
68 42.6803 -73.837
69 43.0481 -76.1474
70 43.1566 -77.6088
71 43.6591 -70.2568
72 44.4759 -73.2121
73 42.9956 -71.4548
74 41.824 -71.4128
75 41.7658 -72.6734
76 41.1865 -73.1952
DEMAND_SECTION
1 0
2 0
3 0
4 0
5 0
6 0
7 0
8 0
9 0
10 0
11 0
12 0
13 0
14 0
15 0
16 0
17 0
18 0
19 0
20 0
21 0
22 0
23 0
24 0
25 0
26 0
27 0
28 0
29 0
30 0
31 0
32 0
33 0
34 0
35 0
36 0
37 0
38 0
39 0
40 0
41 0
42 0
43 0
44 0
45 0
46 0
47 0
48 0
49 0
50 0
51 0
52 0
53 0
54 0
55 0
56 0
57 0
58 0
59 0
60 0
61 0
62 0
63 0
64 0
65 0
66 0
67 0
68 0
69 0
70 0
71 0
72 0
73 0
74 0
75 0
76 0
DEPOT_SECTION
1
-1
EOF