NAME : E-n76-k14
TYPE : CVRP
DIMENSION : 76
CAPACITY : 3000
EDGE_WEIGHT_TYPE : EUC_2D
NODE_COORD_SECTION
1 36.1699 -115.1398
2 47.6062 -122.3321
3 25.7617 -80.1918
4 39.7392 -104.9903
5 42.3601 -71.0589
6 29.9511 -90.0715
7 33.4484 -112.0740
8 41.8781 -87.6298
9 45.5152 -122.6784
10 33.7490 -84.3880
11 44.9778 -93.2650
12 29.4241 -98.4936
13 42.8864 -78.8784
14 27.9506 -82.4572
15 39.0997 -94.5786
16 36.1627 -86.7816
17 35.0844 -106.6504
18 38.5816 -121.4944
19 35.2271 -80.8431
20 42.3314 -83.0458
21 31.7619 -106.4850
22 36.8529 -75.9780
23 41.2565 -95.9345
24 32.2226 -110.9747
25 41.4993 -81.6944
26 35.4676 -97.5164
27 30.3322 -81.6557
28 43.0389 -87.9065
29 35.7796 -78.6382
30 36.7378 -119.7871
31 38.6270 -90.1994
32 38.8339 -104.8214
33 38.2527 -85.7585
34 35.1495 -90.0490
35 39.2904 -76.6122
36 37.6872 -97.3301
37 41.6528 -83.5379
38 41.0793 -85.1394
39 39.9612 -82.9988
40 39.7684 -86.1581
41 38.0406 -84.5037
42 39.1031 -84.5120
43 40.4406 -79.9959
44 28.5383 -81.3792
45 36.1540 -95.9928
46 40.8136 -96.7026
47 36.0726 -79.7920
48 35.9940 -78.8986
49 27.8006 -97.3964
50 47.6587 -117.4260
51 43.6150 -116.2023
52 40.7608 -111.8910
53 45.7833 -108.5007
54 46.8772 -96.7898
55 43.5446 -96.7311
56 41.5868 -93.6250
57 34.7465 -92.2896
58 32.2988 -90.1848
59 30.6954 -88.0399
60 33.5207 -86.8025
61 35.9606 -83.9207
62 32.7767 -79.9311
63 34.0007 -81.0348
64 32.0835 -81.0998
65 37.5407 -77.4360
66 36.8468 -76.2852
67 39.7391 -75.5398
68 42.6803 -73.8370
69 43.0481 -76.1474
70 43.1566 -77.6088
71 43.6591 -70.2568
72 44.4759 -73.2121
73 42.9956 -71.4548
74 41.8240 -71.4128
75 41.7658 -72.6734
76 41.1865 -73.1952
DEMAND_SECTION
1 0
2 700
3 400
4 400
5 1200
6 40
7 80
8 2000
9 900
10 600
11 750
12 1500
13 150
14 250
15 1600
16 450
17 700
18 550
19 650
20 200
21 400
22 300
23 1300
24 700
25 750
26 1400
27 4000
28 600
29 1000
30 500
31 2500
32 1700
33 1100
34 0
35 0
36 0
37 0
38 0
39 0
40 0
41 0
42 0
43 0
44 0
45 0
46 0
47 0
48 0
49 0
50 0
51 0
52 0
53 0
54 0
55 0
56 0
57 0
58 0
59 0
60 0
61 0
62 0
63 0
64 0
65 0
66 0
67 0
68 0
69 0
70 0
71 0
72 0
73 0
74 0
75 0
76 0
DEPOT_SECTION
1
-1
EOF