NAME : E-n76-k9
TYPE : CVRP
DIMENSION : 76
CAPACITY : 109
EDGE_WEIGHT_TYPE : EUC_2D
NODE_COORD_SECTION
1 36.1699 -115.1398
2 47.6062 -122.3321
3 25.7617 -80.1918
4 39.7392 -104.9903
5 42.3601 -71.0589
6 29.9511 -90.0715
7 33.4484 -112.0740
8 41.8781 -87.6298
9 45.5152 -122.6784
10 33.7490 -84.3880
11 44.9778 -93.2650
12 29.4241 -98.4936
13 42.8864 -78.8784
14 27.9506 -82.4572
15 39.0997 -94.5786
16 36.1627 -86.7816
17 35.0844 -106.6504
18 38.5816 -121.4944
19 35.2271 -80.8431
20 42.3314 -83.0458
21 31.7619 -106.4850
22 36.8529 -75.9780
23 41.2565 -95.9345
24 32.2226 -110.9747
25 41.4993 -81.6944
26 35.4676 -97.5164
27 30.3322 -81.6557
28 43.0389 -87.9065
29 35.7796 -78.6382
30 36.7378 -119.7871
31 38.6270 -90.1994
32 38.8339 -104.8214
33 38.2527 -85.7585
34 35.1495 -90.0490
35 39.2904 -76.6122
36 37.6872 -97.3301
37 41.6528 -83.5379
38 41.0793 -85.1394
39 39.9612 -82.9988
40 39.7684 -86.1581
41 38.0406 -84.5037
42 39.1031 -84.5120
43 40.4406 -79.9959
44 28.5383 -81.3792
45 36.1540 -95.9928
46 40.8136 -96.7026
47 36.0726 -79.7920
48 35.9940 -78.8986
49 27.8006 -97.3964
50 47.6587 -117.4260
51 43.6150 -116.2023
52 40.7608 -111.8910
53 45.7833 -108.5007
54 46.8772 -96.7898
55 43.5446 -96.7311
56 41.5868 -93.6250
57 34.7465 -92.2896
58 32.2988 -90.1848
59 30.6954 -88.0399
60 33.5207 -86.8025
61 35.9606 -83.9207
62 32.7767 -79.9311
63 34.0007 -81.0348
64 32.0835 -81.0998
65 37.5407 -77.4360
66 36.8468 -76.2852
67 39.7391 -75.5398
68 42.6803 -73.8370
69 43.0481 -76.1474
70 43.1566 -77.6088
71 43.6591 -70.2568
72 44.4759 -73.2121
73 42.9956 -71.4548
74 41.8240 -71.4128
75 41.7658 -72.6734
76 41.1865 -73.1952
DEMAND_SECTION
1 311
2 497
3 247
4 197
5 378
6 204
7 291
8 340
9 315
10 187
11 405
12 286
13 248
14 278
15 324
16 112
17 217
18 171
19 141
20 468
21 393
22 77
23 7
24 218
25 413
26 202
27 104
28 137
29 499
30 111
31 67
32 472
33 345
34 259
35 172
36 17
37 257
38 247
39 395
40 482
41 370
42 466
43 188
44 458
45 483
46 4
47 177
48 364
49 228
50 203
51 407
52 485
53 488
54 343
55 289
56 281
57 468
58 480
59 436
60 71
61 319
62 429
63 433
64 22
65 400
66 35
67 393
68 69
69 84
70 92
71 86
72 385
73 27
74 367
75 63
76 483
DEPOT_SECTION
1
-1
EOF